#global parameters
nSpace=4
nTime=4
useReconstruct12=0
useGPU=0
confPrecision=64
readsource=cold

beta=6.00
nThermalizationSteps=0
nHeatbathSteps=1000
initialConf=conf.save
onlineMeasureEvery=1

# 4^4file:
#Plaquette: 0.622595987170167
#Polyakov: ( 0.33429953286717 , 0.00320710054320905 )
