kappa=.15
mu=4
cgmax=15
cgmax=20
beta=4.05
#cgmax=3
prec=64
readsource=1
sourcefile=conf.save
thermalization=500
heatbathsteps=1


# 4^4file:
#Plaquette: 0.622595987170167
#Polyakov: ( 0.33429953286717 , 0.00320710054320905 )
