kappa=0.15
mu=0.
cgmax=15
cgmax=50
beta=6.00
#cgmax=3
prec=64
readsource=cold
thermalizationsteps=1
heatbathsteps=1000
sourcefile=conf.0759
sourcefile=conf.save
writefrequency=1
hmcsteps=1
integrationsteps1=1


# 4^4file:
#Plaquette: 0.622595987170167
#Polyakov: ( 0.33429953286717 , 0.00320710054320905 )
