kappa=.15
mu=4
cgmax=15
cgmax=20
beta=6.00
#cgmax=3
prec=64
readsource=0
thermalizationsteps=10
heatbathsteps=5
sourcefile=conf.0759
sourcefile=conf.save



# 4^4file:
#Plaquette: 0.622595987170167
#Polyakov: ( 0.33429953286717 , 0.00320710054320905 )
