#global parameters
NS=4
NT=4
use_rec12=0
use_gpu=0
prec=64
readsource=cold

beta=6.00
thermalizationsteps=0
heatbathsteps=1000
sourcefile=conf.save
writefrequency=1

# 4^4file:
#Plaquette: 0.622595987170167
#Polyakov: ( 0.33429953286717 , 0.00320710054320905 )
